 &plot nbnd=   8, nks=   201 /
            0.000000  0.000000  0.000000
   -5.749    6.220    6.220    6.220    8.780    8.780    8.780    9.589
           -0.025000  0.000000  0.000000
   -5.746    6.201    6.208    6.208    8.773    8.795    8.795    9.607
           -0.050000  0.000000  0.000000
   -5.738    6.145    6.173    6.173    8.753    8.840    8.840    9.662
           -0.075000  0.000000  0.000000
   -5.724    6.057    6.117    6.117    8.719    8.913    8.913    9.747
           -0.100000  0.000000  0.000000
   -5.705    5.940    6.043    6.043    8.674    9.010    9.010    9.859
           -0.125000  0.000000  0.000000
   -5.681    5.800    5.956    5.956    8.619    9.127    9.127    9.989
           -0.150000  0.000000  0.000000
   -5.650    5.641    5.858    5.858    8.554    9.262    9.262   10.131
           -0.175000  0.000000  0.000000
   -5.615    5.467    5.752    5.752    8.481    9.411    9.411   10.276
           -0.200000  0.000000  0.000000
   -5.574    5.281    5.641    5.641    8.401    9.573    9.573   10.415
           -0.225000  0.000000  0.000000
   -5.528    5.087    5.527    5.527    8.317    9.743    9.743   10.534
           -0.250000  0.000000  0.000000
   -5.476    4.886    5.411    5.411    8.229    9.923    9.923   10.620
           -0.275000  0.000000  0.000000
   -5.419    4.679    5.294    5.294    8.138   10.109   10.109   10.657
           -0.300000  0.000000  0.000000
   -5.356    4.468    5.177    5.177    8.046   10.301   10.301   10.636
           -0.325000  0.000000  0.000000
   -5.288    4.253    5.062    5.062    7.953   10.499   10.499   10.559
           -0.350000  0.000000  0.000000
   -5.215    4.036    4.948    4.948    7.861   10.437   10.700   10.700
           -0.375000  0.000000  0.000000
   -5.137    3.816    4.837    4.837    7.769   10.283   10.906   10.906
           -0.400000  0.000000  0.000000
   -5.053    3.595    4.728    4.728    7.679   10.110   11.115   11.115
           -0.425000  0.000000  0.000000
   -4.964    3.373    4.622    4.622    7.592    9.926   11.327   11.327
           -0.450000  0.000000  0.000000
   -4.870    3.150    4.520    4.520    7.507    9.736   11.542   11.542
           -0.475000  0.000000  0.000000
   -4.771    2.926    4.421    4.421    7.426    9.544   11.759   11.759
           -0.500000  0.000000  0.000000
   -4.666    2.701    4.326    4.326    7.348    9.353   11.979   11.979
           -0.525000  0.000000  0.000000
   -4.557    2.476    4.235    4.235    7.274    9.166   12.200   12.200
           -0.550000  0.000000  0.000000
   -4.443    2.251    4.147    4.147    7.205    8.983   12.424   12.424
           -0.575000  0.000000  0.000000
   -4.323    2.026    4.064    4.064    7.140    8.805   12.649   12.649
           -0.600000  0.000000  0.000000
   -4.199    1.802    3.986    3.986    7.080    8.634   12.875   12.875
           -0.625000  0.000000  0.000000
   -4.070    1.578    3.911    3.911    7.025    8.469   13.103   13.103
           -0.650000  0.000000  0.000000
   -3.936    1.354    3.841    3.841    6.975    8.312   13.333   13.333
           -0.675000  0.000000  0.000000
   -3.797    1.132    3.776    3.776    6.931    8.162   13.564   13.564
           -0.700000  0.000000  0.000000
   -3.654    0.910    3.716    3.716    6.892    8.020   13.796   13.796
           -0.725000  0.000000  0.000000
   -3.506    0.690    3.659    3.659    6.860    7.885   14.029   14.029
           -0.750000  0.000000  0.000000
   -3.353    0.471    3.608    3.608    6.833    7.759   14.264   14.264
           -0.775000  0.000000  0.000000
   -3.196    0.254    3.562    3.562    6.813    7.640   14.499   14.499
           -0.800000  0.000000  0.000000
   -3.035    0.038    3.520    3.520    6.798    7.529   14.735   14.735
           -0.825000  0.000000  0.000000
   -2.870   -0.176    3.483    3.483    6.791    7.427   14.971   14.971
           -0.850000  0.000000  0.000000
   -2.700   -0.387    3.451    3.451    6.790    7.332   15.207   15.207
           -0.875000  0.000000  0.000000
   -2.527   -0.596    3.424    3.424    6.795    7.246   15.441   15.441
           -0.900000  0.000000  0.000000
   -2.349   -0.803    3.402    3.402    6.808    7.167   15.671   15.671
           -0.925000  0.000000  0.000000
   -2.168   -1.007    3.385    3.385    6.827    7.096   15.894   15.894
           -0.950000  0.000000  0.000000
   -1.983   -1.209    3.372    3.372    6.854    7.032   16.098   16.098
           -0.975000  0.000000  0.000000
   -1.794   -1.407    3.365    3.365    6.887    6.976   16.260   16.260
           -1.000000  0.000000  0.000000
   -1.602   -1.602    3.362    3.362    6.928    6.928   16.327   16.327
           -1.000000  0.012500  0.000000
   -1.602   -1.602    3.360    3.360    6.932    6.932   16.321   16.321
           -1.000000  0.025000  0.000000
   -1.601   -1.601    3.354    3.354    6.943    6.943   16.303   16.303
           -1.000000  0.037500  0.000000
   -1.600   -1.600    3.344    3.344    6.962    6.962   16.271   16.271
           -1.000000  0.050000  0.000000
   -1.599   -1.599    3.329    3.329    6.989    6.989   16.224   16.224
           -1.000000  0.062500  0.000000
   -1.597   -1.597    3.311    3.311    7.022    7.022   16.161   16.161
           -1.000000  0.075000  0.000000
   -1.594   -1.594    3.290    3.290    7.063    7.063   16.082   16.082
           -1.000000  0.087500  0.000000
   -1.591   -1.591    3.265    3.265    7.110    7.110   15.986   15.986
           -1.000000  0.100000  0.000000
   -1.588   -1.588    3.238    3.238    7.163    7.163   15.876   15.876
           -1.000000  0.112500  0.000000
   -1.584   -1.584    3.207    3.207    7.223    7.223   15.754   15.754
           -1.000000  0.125000  0.000000
   -1.580   -1.580    3.175    3.175    7.288    7.288   15.623   15.623
           -1.000000  0.137500  0.000000
   -1.576   -1.576    3.141    3.141    7.358    7.358   15.483   15.483
           -1.000000  0.150000  0.000000
   -1.571   -1.571    3.105    3.105    7.434    7.434   15.337   15.337
           -1.000000  0.162500  0.000000
   -1.566   -1.566    3.068    3.068    7.515    7.515   15.187   15.187
           -1.000000  0.175000  0.000000
   -1.560   -1.560    3.030    3.030    7.600    7.600   15.033   15.033
           -1.000000  0.187500  0.000000
   -1.555   -1.555    2.992    2.992    7.689    7.689   14.876   14.876
           -1.000000  0.200000  0.000000
   -1.549   -1.549    2.952    2.952    7.782    7.782   14.717   14.717
           -1.000000  0.212500  0.000000
   -1.543   -1.543    2.913    2.913    7.879    7.879   14.556   14.556
           -1.000000  0.225000  0.000000
   -1.537   -1.537    2.874    2.874    7.980    7.980   14.395   14.395
           -1.000000  0.237500  0.000000
   -1.530   -1.530    2.836    2.836    8.083    8.083   14.232   14.232
           -1.000000  0.250000  0.000000
   -1.524   -1.524    2.797    2.797    8.190    8.190   14.070   14.070
           -1.000000  0.262500  0.000000
   -1.518   -1.518    2.760    2.760    8.300    8.300   13.906   13.906
           -1.000000  0.275000  0.000000
   -1.511   -1.511    2.723    2.723    8.412    8.412   13.743   13.743
           -1.000000  0.287500  0.000000
   -1.505   -1.505    2.688    2.688    8.528    8.528   13.580   13.580
           -1.000000  0.300000  0.000000
   -1.498   -1.498    2.653    2.653    8.645    8.645   13.418   13.418
           -1.000000  0.312500  0.000000
   -1.492   -1.492    2.620    2.620    8.765    8.765   13.256   13.256
           -1.000000  0.325000  0.000000
   -1.486   -1.486    2.589    2.589    8.887    8.887   13.094   13.094
           -1.000000  0.337500  0.000000
   -1.480   -1.480    2.559    2.559    9.011    9.011   12.934   12.934
           -1.000000  0.350000  0.000000
   -1.474   -1.474    2.531    2.531    9.137    9.137   12.774   12.774
           -1.000000  0.362500  0.000000
   -1.469   -1.469    2.505    2.505    9.264    9.264   12.615   12.615
           -1.000000  0.375000  0.000000
   -1.464   -1.464    2.481    2.481    9.393    9.393   12.458   12.458
           -1.000000  0.387500  0.000000
   -1.459   -1.459    2.458    2.458    9.522    9.522   12.303   12.303
           -1.000000  0.400000  0.000000
   -1.455   -1.455    2.438    2.438    9.653    9.653   12.149   12.149
           -1.000000  0.412500  0.000000
   -1.451   -1.451    2.420    2.420    9.784    9.784   11.998   11.998
           -1.000000  0.425000  0.000000
   -1.448   -1.448    2.405    2.405    9.914    9.914   11.850   11.850
           -1.000000  0.437500  0.000000
   -1.445   -1.445    2.391    2.391   10.043   10.043   11.707   11.707
           -1.000000  0.450000  0.000000
   -1.442   -1.442    2.380    2.380   10.168   10.168   11.570   11.570
           -1.000000  0.462500  0.000000
   -1.440   -1.440    2.372    2.372   10.285   10.285   11.443   11.443
           -1.000000  0.475000  0.000000
   -1.439   -1.439    2.366    2.366   10.388   10.388   11.333   11.333
           -1.000000  0.487500  0.000000
   -1.438   -1.438    2.362    2.362   10.464   10.464   11.254   11.254
           -1.000000  0.500000  0.000000
   -1.438   -1.438    2.361    2.361   10.493   10.493   11.223   11.223
           -0.993750  0.506250  0.000000
   -1.466   -1.410    2.339    2.383   10.457   10.512   11.214   11.250
           -0.987500  0.512500  0.000000
   -1.494   -1.383    2.318    2.408   10.395   10.526   11.233   11.283
           -0.981250  0.518750  0.000000
   -1.521   -1.357    2.298    2.435   10.315   10.536   11.272   11.322
           -0.975000  0.525000  0.000000
   -1.547   -1.332    2.278    2.463   10.222   10.542   11.325   11.365
           -0.968750  0.531250  0.000000
   -1.573   -1.309    2.258    2.494   10.122   10.545   11.387   11.412
           -0.962500  0.537500  0.000000
   -1.598   -1.287    2.239    2.526   10.016   10.545   11.456   11.464
           -0.956250  0.543750  0.000000
   -1.622   -1.266    2.221    2.560    9.909   10.543   11.519   11.530
           -0.950000  0.550000  0.000000
   -1.645   -1.246    2.203    2.596    9.800   10.539   11.576   11.607
           -0.943750  0.556250  0.000000
   -1.668   -1.227    2.185    2.633    9.690   10.534   11.636   11.686
           -0.937500  0.562500  0.000000
   -1.690   -1.209    2.168    2.672    9.580   10.527   11.698   11.768
           -0.931250  0.568750  0.000000
   -1.711   -1.192    2.151    2.713    9.470   10.520   11.762   11.851
           -0.925000  0.575000  0.000000
   -1.732   -1.176    2.135    2.754    9.362   10.512   11.827   11.936
           -0.918750  0.581250  0.000000
   -1.752   -1.162    2.120    2.798    9.254   10.503   11.894   12.022
           -0.912500  0.587500  0.000000
   -1.771   -1.148    2.105    2.842    9.147   10.495   11.962   12.108
           -0.906250  0.593750  0.000000
   -1.789   -1.135    2.091    2.887    9.042   10.486   12.031   12.196
           -0.900000  0.600000  0.000000
   -1.807   -1.123    2.077    2.933    8.938   10.477   12.101   12.285
           -0.893750  0.606250  0.000000
   -1.824   -1.112    2.063    2.981    8.836   10.468   12.172   12.375
           -0.887500  0.612500  0.000000
   -1.840   -1.102    2.050    3.028    8.736   10.459   12.243   12.465
           -0.881250  0.618750  0.000000
   -1.856   -1.092    2.038    3.076    8.638   10.450   12.316   12.557
           -0.875000  0.625000  0.000000
   -1.871   -1.083    2.026    3.125    8.541   10.442   12.388   12.648
           -0.868750  0.631250  0.000000
   -1.885   -1.075    2.015    3.174    8.448   10.433   12.462   12.741
           -0.862500  0.637500  0.000000
   -1.898   -1.068    2.005    3.222    8.357   10.425   12.535   12.834
           -0.856250  0.643750  0.000000
   -1.911   -1.061    1.995    3.270    8.268   10.418   12.609   12.928
           -0.850000  0.650000  0.000000
   -1.923   -1.054    1.985    3.318    8.183   10.410   12.684   13.022
           -0.843750  0.656250  0.000000
   -1.934   -1.049    1.976    3.365    8.100   10.403   12.758   13.117
           -0.837500  0.662500  0.000000
   -1.945   -1.043    1.968    3.411    8.021   10.397   12.833   13.212
           -0.831250  0.668750  0.000000
   -1.954   -1.039    1.960    3.456    7.946   10.391   12.907   13.307
           -0.825000  0.675000  0.000000
   -1.964   -1.034    1.953    3.499    7.874   10.385   12.982   13.403
           -0.818750  0.681250  0.000000
   -1.972   -1.031    1.946    3.541    7.807   10.379   13.056   13.500
           -0.812500  0.687500  0.000000
   -1.980   -1.027    1.940    3.580    7.744   10.374   13.130   13.596
           -0.806250  0.693750  0.000000
   -1.986   -1.024    1.935    3.617    7.686   10.370   13.204   13.693
           -0.800000  0.700000  0.000000
   -1.993   -1.021    1.930    3.651    7.633   10.366   13.276   13.790
           -0.793750  0.706250  0.000000
   -1.998   -1.019    1.925    3.682    7.585   10.362   13.348   13.886
           -0.787500  0.712500  0.000000
   -2.003   -1.017    1.922    3.710    7.543   10.359   13.417   13.983
           -0.781250  0.718750  0.000000
   -2.007   -1.016    1.918    3.733    7.507   10.357   13.483   14.079
           -0.775000  0.725000  0.000000
   -2.010   -1.014    1.916    3.753    7.477   10.354   13.546   14.174
           -0.768750  0.731250  0.000000
   -2.013   -1.013    1.914    3.769    7.453   10.353   13.601   14.266
           -0.762500  0.737500  0.000000
   -2.014   -1.013    1.912    3.781    7.436   10.351   13.647   14.282
           -0.756250  0.743750  0.000000
   -2.015   -1.012    1.911    3.788    7.426   10.351   13.678   14.251
           -0.750000  0.750000  0.000000
   -2.016   -1.012    1.911    3.790    7.422   10.351   13.689   14.240
           -0.731250  0.731250  0.000000
   -2.105   -0.920    1.855    3.854    7.497   10.731   13.459   14.005
           -0.712500  0.712500  0.000000
   -2.204   -0.822    1.817    3.922    7.576   11.114   13.233   13.779
           -0.693750  0.693750  0.000000
   -2.312   -0.718    1.797    3.994    7.659   11.498   13.010   13.565
           -0.675000  0.675000  0.000000
   -2.428   -0.607    1.796    4.069    7.746   11.870   12.792   13.374
           -0.656250  0.656250  0.000000
   -2.552   -0.489    1.811    4.148    7.837   12.203   12.579   13.232
           -0.637500  0.637500  0.000000
   -2.682   -0.365    1.842    4.229    7.931   12.371   12.410   13.227
           -0.618750  0.618750  0.000000
   -2.816   -0.235    1.888    4.314    8.028   12.168   12.403   13.230
           -0.600000  0.600000  0.000000
   -2.954   -0.099    1.948    4.400    8.127   11.970   12.276   13.074
           -0.581250  0.581250  0.000000
   -3.094    0.044    2.021    4.489    8.228   11.778   12.112   12.925
           -0.562500  0.562500  0.000000
   -3.235    0.193    2.105    4.580    8.331   11.591   11.937   12.782
           -0.543750  0.543750  0.000000
   -3.377    0.349    2.201    4.672    8.433   11.409   11.760   12.648
           -0.525000  0.525000  0.000000
   -3.518    0.510    2.306    4.764    8.535   11.234   11.586   12.522
           -0.506250  0.506250  0.000000
   -3.658    0.678    2.421    4.858    8.636   11.064   11.414   12.405
           -0.487500  0.487500  0.000000
   -3.796    0.852    2.544    4.951    8.734   10.899   11.248   12.299
           -0.468750  0.468750  0.000000
   -3.931    1.032    2.675    5.044    8.827   10.741   11.086   12.204
           -0.450000  0.450000  0.000000
   -4.064    1.217    2.814    5.136    8.915   10.589   10.929   12.122
           -0.431250  0.431250  0.000000
   -4.193    1.409    2.959    5.226    8.997   10.442   10.777   12.052
           -0.412500  0.412500  0.000000
   -4.318    1.606    3.110    5.315    9.069   10.302   10.630   11.995
           -0.393750  0.393750  0.000000
   -4.439    1.809    3.267    5.400    9.132   10.167   10.489   11.951
           -0.375000  0.375000  0.000000
   -4.556    2.017    3.428    5.483    9.184   10.039   10.353   11.921
           -0.356250  0.356250  0.000000
   -4.668    2.231    3.595    5.562    9.225    9.917   10.223   11.901
           -0.337500  0.337500  0.000000
   -4.776    2.450    3.765    5.637    9.255    9.801   10.098   11.890
           -0.318750  0.318750  0.000000
   -4.878    2.674    3.938    5.708    9.273    9.691    9.978   11.883
           -0.300000  0.300000  0.000000
   -4.975    2.903    4.113    5.774    9.281    9.587    9.863   11.874
           -0.281250  0.281250  0.000000
   -5.067    3.136    4.291    5.835    9.280    9.490    9.753   11.855
           -0.262500  0.262500  0.000000
   -5.154    3.373    4.469    5.892    9.271    9.398    9.648   11.815
           -0.243750  0.243750  0.000000
   -5.235    3.614    4.647    5.943    9.256    9.313    9.548   11.745
           -0.225000  0.225000  0.000000
   -5.310    3.858    4.824    5.989    9.235    9.236    9.453   11.635
           -0.206250  0.206250  0.000000
   -5.379    4.105    4.999    6.030    9.162    9.212    9.363   11.483
           -0.187500  0.187500  0.000000
   -5.443    4.353    5.170    6.066    9.096    9.184    9.277   11.293
           -0.168750  0.168750  0.000000
   -5.501    4.601    5.336    6.098    9.036    9.155    9.196   11.074
           -0.150000  0.150000  0.000000
   -5.553    4.848    5.495    6.126    8.982    9.121    9.123   10.837
           -0.131250  0.131250  0.000000
   -5.598    5.092    5.644    6.149    8.935    9.050    9.088   10.595
           -0.112500  0.112500  0.000000
   -5.638    5.329    5.782    6.169    8.893    8.986    9.049   10.357
           -0.093750  0.093750  0.000000
   -5.672    5.555    5.907    6.185    8.859    8.928    9.005   10.136
           -0.075000  0.075000  0.000000
   -5.700    5.763    6.014    6.198    8.830    8.877    8.954    9.942
           -0.056250  0.056250  0.000000
   -5.721    5.946    6.101    6.208    8.808    8.836    8.897    9.786
           -0.037500  0.037500  0.000000
   -5.737    6.091    6.166    6.214    8.792    8.805    8.840    9.675
           -0.018750  0.018750  0.000000
   -5.746    6.187    6.206    6.218    8.783    8.786    8.796    9.610
            0.000000  0.000000  0.000000
   -5.749    6.220    6.220    6.220    8.780    8.780    8.780    9.589
           -0.012500  0.012500  0.012500
   -5.747    6.195    6.216    6.216    8.785    8.785    8.787    9.603
           -0.025000  0.025000  0.025000
   -5.741    6.122    6.205    6.205    8.800    8.800    8.805    9.646
           -0.037500  0.037500  0.037500
   -5.730    6.009    6.188    6.188    8.825    8.826    8.826    9.722
           -0.050000  0.050000  0.050000
   -5.716    5.862    6.164    6.164    8.840    8.861    8.861    9.830
           -0.062500  0.062500  0.062500
   -5.698    5.689    6.135    6.135    8.844    8.904    8.904    9.968
           -0.075000  0.075000  0.075000
   -5.675    5.496    6.101    6.101    8.837    8.954    8.954   10.131
           -0.087500  0.087500  0.087500
   -5.649    5.290    6.062    6.062    8.819    9.011    9.011   10.314
           -0.100000  0.100000  0.100000
   -5.618    5.073    6.021    6.021    8.793    9.073    9.073   10.512
           -0.112500  0.112500  0.112500
   -5.583    4.848    5.976    5.976    8.759    9.138    9.138   10.719
           -0.125000  0.125000  0.125000
   -5.545    4.619    5.930    5.930    8.721    9.205    9.205   10.934
           -0.137500  0.137500  0.137500
   -5.502    4.386    5.882    5.882    8.679    9.273    9.273   11.154
           -0.150000  0.150000  0.150000
   -5.456    4.151    5.833    5.833    8.634    9.341    9.341   11.377
           -0.162500  0.162500  0.162500
   -5.405    3.915    5.784    5.784    8.587    9.407    9.407   11.602
           -0.175000  0.175000  0.175000
   -5.351    3.679    5.735    5.735    8.538    9.470    9.470   11.827
           -0.187500  0.187500  0.187500
   -5.293    3.443    5.687    5.687    8.489    9.528    9.528   12.052
           -0.200000  0.200000  0.200000
   -5.231    3.208    5.639    5.639    8.440    9.581    9.581   12.276
           -0.212500  0.212500  0.212500
   -5.166    2.975    5.592    5.592    8.391    9.628    9.628   12.498
           -0.225000  0.225000  0.225000
   -5.097    2.743    5.546    5.546    8.343    9.668    9.668   12.717
           -0.237500  0.237500  0.237500
   -5.025    2.515    5.501    5.501    8.295    9.700    9.700   12.933
           -0.250000  0.250000  0.250000
   -4.949    2.289    5.458    5.458    8.249    9.724    9.724   13.143
           -0.262500  0.262500  0.262500
   -4.870    2.066    5.417    5.417    8.204    9.741    9.741   13.345
           -0.275000  0.275000  0.275000
   -4.788    1.846    5.377    5.377    8.161    9.751    9.751   13.536
           -0.287500  0.287500  0.287500
   -4.703    1.631    5.339    5.339    8.119    9.754    9.754   13.700
           -0.300000  0.300000  0.300000
   -4.615    1.420    5.303    5.303    8.080    9.752    9.752   13.822
           -0.312500  0.312500  0.312500
   -4.526    1.213    5.269    5.269    8.042    9.745    9.745   13.958
           -0.325000  0.325000  0.325000
   -4.434    1.012    5.237    5.237    8.006    9.734    9.734   14.059
           -0.337500  0.337500  0.337500
   -4.340    0.816    5.207    5.207    7.973    9.720    9.720   14.105
           -0.350000  0.350000  0.350000
   -4.245    0.626    5.179    5.179    7.942    9.704    9.704   14.122
           -0.362500  0.362500  0.362500
   -4.150    0.442    5.154    5.154    7.913    9.687    9.687   14.121
           -0.375000  0.375000  0.375000
   -4.054    0.267    5.130    5.130    7.886    9.669    9.669   14.108
           -0.387500  0.387500  0.387500
   -3.960    0.100    5.109    5.109    7.862    9.651    9.651   14.089
           -0.400000  0.400000  0.400000
   -3.868   -0.058    5.090    5.090    7.840    9.634    9.634   14.066
           -0.412500  0.412500  0.412500
   -3.779   -0.205    5.073    5.073    7.821    9.617    9.617   14.044
           -0.425000  0.425000  0.425000
   -3.695   -0.339    5.059    5.059    7.805    9.603    9.603   14.022
           -0.437500  0.437500  0.437500
   -3.618   -0.458    5.046    5.046    7.791    9.589    9.589   14.002
           -0.450000  0.450000  0.450000
   -3.550   -0.561    5.036    5.036    7.779    9.578    9.578   13.985
           -0.462500  0.462500  0.462500
   -3.494   -0.644    5.028    5.028    7.770    9.569    9.569   13.972
           -0.475000  0.475000  0.475000
   -3.451   -0.706    5.023    5.023    7.764    9.563    9.563   13.962
           -0.487500  0.487500  0.487500
   -3.425   -0.744    5.020    5.020    7.760    9.559    9.559   13.956
           -0.500000  0.500000  0.500000
   -3.416   -0.757    5.018    5.018    7.758    9.558    9.558   13.954
